1 2 1
17 1 9.50449
3 4 1
2 2 12.127
5 6 1
3 7 13.2994
7 8 1
12 1 10.3518
2 9 1
17 1 9.50449
10 11 1
14 7 17.4337
12 13 1
15 5 12.284
14 15 1
15 3 13.2801
16 17 1
16 1 8.74227
18 19 1
16 2 8.9314
20 21 1
16 1 9.05246
22 23 1
16 2 9.15366
24 25 1
16 3 9.33388
26 27 1
16 2 10.9639
28 29 1
8 2 10.8198
30 31 1
17 1 9.50449
32 33 1
1 1 10.3518
34 35 1
1 3 12.6633
36 37 1
9 3 10.7579
38 39 1
19 3 12.4832
40 41 1
15 2 10.4205
42 43 1
3 2 12.2415
44 6 1
18 12 11.3795
45 39 1
13 3 10.1565
46 47 1
18 2 11.0684
48 49 1
6 1 9.50449
50 51 1
12 1 10.3518
52 53 1
14 4 13.2159
54 55 1
16 2 10.0779
56 57 1
18 19 15.4501
58 59 1
1 1 10.3518
60 61 1
4 2 15.395
62 63 1
3 2 11.2403
64 65 1
11 1 9.84098
66 67 1
1 1 10.3518
68 69 1
5 10 11.0469
39 70 1
19 3 14.7629
71 72 1
1 1 10.3518
73 74 1
7 3 10.8411
75 76 1
11 1 9.84098
77 78 1
2 5 11.2378
79 80 1
2 2 12.127
81 82 1
0 5 21.7538
83 56 1
18 2 14.1349
84 85 1
1 1 9.84098
86 87 1
7 1 10.3518
88 89 1
6 1 9.25316
90 91 1
17 1 10.3518
92 56 1
18 6 19.9383
93 94 1
14 2 9.99665
95 96 1
13 6 15.7684
97 98 1
12 1 10.3518
99 100 1
14 1 10.3518
101 102 1
12 1 10.3518
76 103 1
12 1 10.3518
104 105 1
7 3 14.7629
106 107 1
16 3 11.1774
59 108 1
1 2 9.91961
109 110 1
12 1 10.3518
111 112 1
5 4 11.4928
113 114 1
6 1 10.3518
115 116 1
5 1 10.3518
117 118 1
8 4 12.2452
119 25 1
16 2 10.9143
120 121 1
1 1 10.3518
100 122 1
14 4 12.4002
123 124 1
7 2 13.0013
69 125 1
5 1 10.3518
126 127 1
5 1 10.3518
128 129 1
13 1 9.84098
130 131 1
5 1 10.3518
132 133 1
5 1 10.3518
134 135 1
5 1 10.3518
136 137 1
5 2 11.1808
138 139 1
5 2 11.5799
140 141 1
5 2 13.4626
142 143 1
17 1 9.84098
106 144 1
16 3 13.3485
145 146 1
13 1 10.3518
147 148 1
4 11 17.1045
149 150 1
8 1 10.3518
151 152 1
8 1 10.3518
153 154 1
8 2 12.3655
151 155 1
8 2 13.7611
156 157 1
17 1 10.3518
158 159 1
19 4 12.725
160 99 1
14 1 10.3518
161 56 1
14 2 13.2142
162 163 1
14 2 14.1349
164 47 1
14 2 14.6353
162 52 1
14 2 14.6353
53 165 1
14 3 16.8753
166 167 1
14 3 18.3798
168 55 1
19 2 10.7747
169 170 1
3 2 14.1349
171 172 1
8 2 10.6884
173 174 1
4 4 17.4696
175 40 1
15 6 11.9116
176 6 1
8 4 10.3521
14 177 1
15 2 14.6353
178 124 1
18 2 14.1349
179 180 1
6 1 9.05246
181 161 1
6 1 9.25316
182 183 1
6 2 9.48802
46 184 1
6 1 9.50449
185 186 1
6 1 9.50449
187 87 1
7 2 10.6884
188 189 1
6 1 9.84098
190 170 1
6 1 9.84098
191 192 1
6 1 10.3518
193 194 1
11 1 9.50449
105 195 1
7 4 10.3851
103 196 1
12 3 11.8132
47 197 1
18 3 11.1168
198 199 1
9 2 15.395
200 201 1
6 1 8.88539
202 147 1
4 9 15.8155
203 204 1
15 7 17.3344
113 32 1
8 1 10.3518
205 206 1
13 2 10.4923
161 207 1
6 1 9.05246
33 22 1
16 2 12.6497
208 209 1
16 1 9.84098
210 211 1
15 2 11.367
212 213 1
2 4 13.2868
147 214 1
5 2 11.5799
215 216 1
15 2 12.127
217 218 1
1 1 10.3518
77 113 1
2 2 10.9639
219 220 1
6 2 12.6497
221 222 1
9 12 13.9424
223 224 1
0 1 10.3518
44 225 1
18 2 13.7611
226 224 1
0 1 10.3518
227 93 1
14 2 12.8151
100 228 1
0 1 10.3518
106 229 1
16 2 10.7747
215 6 1
15 2 10.4205
176 117 1
8 4 12.2666
82 230 1
0 1 10.3518
231 232 1
14 2 9.91961
233 95 1
13 1 10.3518
234 235 1
1 1 9.84098
167 236 1
14 3 18.3798
237 200 1
6 2 8.91855
238 239 1
13 2 10.7747
240 214 1
5 6 18.7344
241 242 1
3 2 9.84636
41 32 1
8 3 11.4671
243 244 1
2 2 11.5799
245 246 1
13 1 10.3518
247 248 1
17 1 9.84098
249 250 1
2 2 14.1349
164 251 1
11 1 9.50449
62 252 1
11 1 9.50449
253 110 1
11 1 9.84098
254 255 1
11 1 9.84098
81 6 1
0 5 12.5138
255 256 1
11 1 9.84098
64 257 1
11 1 10.3518
258 259 1
11 1 10.3518
260 261 1
11 1 10.3518
76 262 1
11 1 10.3518
263 264 1
11 1 10.3518
265 137 1
5 2 10.8198
266 244 1
17 2 10.3521
267 25 1
16 1 9.05246
268 4 1
1 1 9.84098
153 212 1
2 4 14.1305
221 6 1
9 12 11.5002
269 270 1
12 1 10.3518
224 271 1
0 3 18.3798
272 273 1
2 2 11.0153
123 274 1
7 1 10.3518
275 276 1
8 4 11.5519
277 73 1
19 2 11.5799
278 279 1
16 2 10.1936
280 216 1
15 2 11.6582
281 216 1
15 4 17.1882
282 12 1
15 4 20.3528
5 283 1
3 7 13.8201
284 285 1
0 1 9.84098
286 26 1
0 1 9.84098
287 288 1
0 1 10.3518
289 105 1
7 3 13.4936
290 291 1
10 4 16.0323
292 293 1
0 1 10.3518
294 295 1
0 2 10.4923
296 224 1
0 2 11.367
242 297 1
3 5 12.8112
228 81 1
0 5 21.7538
298 299 1
3 2 10.8663
216 203 1
15 6 17.0398
300 301 1
18 3 12.9175
122 302 1
12 2 13.4626
82 303 1
0 1 9.84098
304 6 1
10 2 13.0013
305 306 1
4 2 14.1349
307 30 1
4 2 14.1349
308 67 1
4 2 14.6353
148 309 1
4 2 15.395
30 310 1
4 2 15.395
311 312 1
19 2 11.367
313 136 1
4 3 16.0727
314 185 1
6 2 9.32824
96 315 1
13 1 10.3518
316 317 1
5 1 10.3518
318 219 1
6 2 11.5799
228 319 1
11 5 16.5904
320 321 1
9 2 13.0013
265 70 1
19 6 12.8425
155 322 1
8 3 11.3275
323 324 1
3 8 10.2584
304 325 1
10 2 13.4626
171 326 1
10 2 13.4626
327 138 1
12 2 11.0153
138 328 1
12 1 10.3518
52 329 1
14 2 11.1235
323 44 1
18 12 14.5616
57 330 1
18 4 15.6376
331 332 1
10 2 12.6497
333 221 1
9 3 13.3485
334 335 1
17 3 12.1343
96 336 1
13 3 14.2328
96 6 1
13 6 10.6845
337 338 1
19 3 15.522
70 339 1
11 1 9.84098
13 281 1
15 4 13.6858
40 278 1
15 2 10.3859
249 340 1
2 2 12.6497
104 123 1
7 3 12.9175
341 342 1
1 2 10.4923
187 343 1
7 5 13.329
324 344 1
3 1 9.84098
345 42 1
3 1 9.84098
170 346 1
3 1 9.84098
347 348 1
3 1 9.84098
349 350 1
3 1 9.84098
145 26 1
3 1 9.84098
324 351 1
3 2 13.0013
30 352 1
12 1 10.3518
68 329 1
17 2 9.60491
342 214 1
5 3 10.9645
353 354 1
6 2 9.75398
355 356 1
9 2 13.0013
160 357 1
4 2 14.6353
358 47 1
8 3 12.281
136 359 1
19 2 10.6068
360 278 1
4 3 15.7761
360 6 1
4 10 16.1348
322 32 1
8 1 10.3518
361 277 1
19 4 10.6806
40 6 1
15 13 10.6697
362 363 1
9 3 10.5438
364 365 1
15 5 12.9345
265 38 1
19 2 12.6497
1 366 1
13 1 9.84098
239 367 1
13 2 10.7747
368 286 1
17 1 10.3518
44 318 1
18 2 13.2142
369 227 1
18 2 15.395
44 56 1
18 3 18.3798
57 370 1
18 9 20.3672
305 371 1
17 1 10.3518
171 204 1
10 11 14.2278
372 373 1
10 5 15.7989
102 361 1
19 4 10.6806
374 375 1
17 1 10.3518
90 182 1
17 2 10.8198
376 377 1
11 1 10.3518
378 379 1
1 1 9.84098
77 374 1
17 2 11.6582
380 218 1
1 1 10.3518
122 91 1
1 1 10.3518
381 334 1
17 3 12.0318
382 236 1
1 2 14.6353
383 137 1
5 6 14.9671
271 83 1
0 3 12.9175
296 226 1
10 18 12.6959
384 385 1
11 1 9.84098
77 79 1
2 2 12.3655
386 300 1
18 3 14.9245
387 386 1
18 3 14.9245
134 388 1
17 1 10.3518
202 174 1
4 6 19.2551
106 389 1
16 2 11.4347
390 46 1
3 3 11.9348
224 391 1
0 1 10.3518
392 28 1
8 2 10.9143
393 394 1
17 1 9.50449
185 395 1
6 1 9.84098
396 197 1
18 2 13.2142
253 397 1
13 1 9.84098
398 213 1
17 1 9.50449
250 144 1
2 4 14.942
373 6 1
10 9 13.3755
277 293 1
2 3 15.522
218 34 1
1 7 12.2814
167 6 1
14 3 16.0727
240 399 1
19 15 11.6163
400 366 1
13 1 9.84098
401 402 1
19 2 12.0207
122 231 1
14 3 13.9185
403 259 1
12 1 10.3518
13 158 1
19 4 11.1344
404 405 1
4 6 15.6509
406 104 1
7 7 11.4778
407 189 1
10 3 13.825
408 409 1
4 2 14.1349
410 68 1
5 4 12.0818
102 137 1
19 2 14.1349
411 412 1
16 2 10.4923
265 182 1
19 3 13.5708
224 296 1
0 3 18.3798
333 240 1
19 5 11.7147
413 414 1
11 1 9.84098
415 416 1
13 1 10.3518
417 418 1
2 2 12.2415
226 419 1
10 2 14.1349
83 420 1
0 1 10.3518
11 329 1
14 3 17.4728
54 421 1
10 3 15.522
19 278 1
16 2 9.08059
422 298 1
16 2 10.5677
77 153 1
2 3 11.9036
370 197 1
18 10 10.4763
283 347 1
3 7 13.5083
381 423 1
10 2 15.395
404 6 1
4 6 15.5392
424 425 1
7 1 10.3518
426 427 1
7 5 11.8751
428 429 1
2 3 14.1217
318 3 1
2 2 12.2415
164 430 1
6 1 8.88539
171 431 1
8 10 16.5142
432 289 1
7 4 9.91989
433 424 1
7 1 10.3518
55 106 1
16 7 16.6658
308 238 1
13 1 10.3518
434 416 1
2 2 13.4626
331 435 1
4 9 18.7708
436 218 1
1 1 9.84098
399 265 1
19 15 11.6419
437 153 1
2 9 13.1533
286 438 1
13 1 10.3518
293 243 1
2 6 11.2419
319 260 1
11 5 16.5904
336 400 1
13 3 11.7271
439 440 1
13 2 12.0207
204 441 1
10 3 13.5708
356 320 1
9 2 13.7611
442 443 1
12 1 10.3518
444 445 1
9 2 11.6582
443 446 1
12 1 10.3518
447 448 1
0 1 10.3518
222 6 1
9 12 10.9207
446 158 1
12 1 10.3518
365 282 1
15 5 12.6388
449 450 1
1 1 10.3518
302 451 1
12 2 10.6471
87 406 1
7 6 12.9579
102 452 1
12 2 11.367
222 453 1
9 11 19.3852
352 442 1
12 4 20.3528
454 138 1
9 1 10.3518
455 456 1
9 2 12.3655
321 364 1
9 2 12.8151
256 457 1
11 1 9.84098
458 455 1
9 2 14.6353
366 459 1
10 2 13.2142
460 458 1
9 2 15.395
373 342 1
10 2 15.395
461 462 1
10 2 15.395
459 463 1
10 3 17.4728
226 171 1
10 3 17.4728
174 17 1
4 4 20.3528
464 406 1
7 1 9.84098
465 466 1
3 2 11.2403
412 467 1
15 2 11.1808
47 468 1
8 2 11.7409
242 6 1
3 8 12.3389
214 469 1
5 5 17.8746
70 55 1
19 10 10.5683
149 32 1
8 3 11.3275
163 470 1
14 3 14.7629
377 15 1
18 6 14.9671
435 360 1
4 9 18.904
343 246 1
7 7 11.5859
105 187 1
7 18 10.687
147 105 1
7 2 10.5295
442 471 1
12 1 10.3518
472 473 1
17 1 9.50449
474 37 1
9 1 10.3518
475 476 1
5 1 10.3518
204 40 1
15 7 16.6658
477 478 1
1 1 10.3518
453 36 1
9 11 11.2449
479 32 1
9 2 14.6353
480 481 1
10 5 15.5651
275 158 1
8 10 11.5
